0 232.86768775422664
1 28.649628299446825
2 21.575942699757668
3 2.6160301445347685
4 3.5829790090063285
5 3.098670962033817
6 27.030711982637808
7 14.877061458493662
8 7.26514496041591
9 2.3208328607682183
10 5.875128092828509
11 5.655672210196933
12 25.451695856152156
13 8.590596518489619
14 2.2410510715125853
15 15.1232041748332
16 2.5803278467429682
17 2.8136201194909614
18 2.545035317597208
19 2.411318781295926
20 9.265232523951749
21 5.32765811767665
22 0.968686742436508
23 0.5784728646459604
24 0.11290441122544811
25 0.15585898175871887
26 1.8839151987463771
27 0.9048966276457739
28 0.48101375859093776
29 0.18983314736318063
30 0.06670741269608266
31 0.18357545864322156
32 0.8328435589581453
33 0.49894835618466493
34 0.35831272534434494
35 0.1076139569807654
36 0.07372872816441052
37 0.09668866121272023
38 1.0379789593620061
39 0.599165136158877
40 0.3279676939005077
41 0.04037257627000924
42 0.1764457714798152
43 0.13551640389553918
44 0.1335556345221117
45 0.07284252376059361
46 0.12939195246641716
47 0.06680022829784343
48 0.13438943497828704
49 0.09154686220804441
50 0.23479585411727447
51 0.04039973173660778
52 0.11753262007948563
53 0.048169242103120666
54 0.16535350857360828
55 0.038144693455147406
56 0.7812260860886935
57 0.1441872505254306
58 0.07620745790624835
59 0.06548703248558362
60 0.5471912700171292
61 0.34839895768217227
62 0.10500028549091396
63 0.03225553254330083
64 0.35621158103722733
65 0.06579616045914781
66 0.02993156549653041
67 0.09514046466761787
68 0.5773078620928157
69 0.2921356356864892
70 0.03064932075639284
71 0.059409115225197616
72 0.1890311473302608
73 0.06256723078408148
74 0.02905690614627037
75 0.036720167635718934
76 0.1448791038174872
77 0.03900231780747098
78 0.053019529750625675
79 0.023834397777159736
80 0.18763278076283088
81 0.12063948465839557
82 0.062016496972566545
83 0.054944208225196536
84 0.22822181864579835
85 0.02217554944267428
86 0.026424081395974824
87 0.03786293148867293
88 0.14621951696208482
89 0.019878481946959948
90 0.05952090452737951
91 0.027315797865783396
92 0.04096062100110357
93 0.024172238627448717
94 0.18288782863755165
95 0.03485243405591657
96 0.027700435908188208
97 0.024668633707552127
98 0.14728038660989085
99 0.018179655209551365
100 0.01810346921556627
101 0.021114932303840272
102 0.06851390180204824
103 0.010217724285656937
104 0.14107129358991083
105 0.026026588044199647
106 0.014757117767307058
107 0.01952748405785178
108 0.15391854301387758
109 0.013708232498680166
110 0.015721349310457565
111 0.01042023427230738
112 0.2922768164428106
113 0.135093331284813
114 0.018278068555262733
115 0.006364354045389834
116 0.015767960501956085
117 0.011308609296620285
118 0.017525150663182838
119 0.011719935062904868
120 0.015742290671792444
121 0.014863053689389808
122 0.07308934045616065
123 0.025940391883570973
124 0.019544308408130855
125 0.005996904209162874
126 0.013639692666739974
127 0.004639242214112381
128 0.02026143640361475
129 0.005633894136432919
130 0.014340321681069218
131 0.007218666805613445
132 0.012476246452825716
133 0.004596853071971652
134 0.0340246241740322
135 0.01367719392437848
136 0.01378833149398366
137 0.0038155174416240225
138 0.015525505179565711
139 0.004737513321882217
140 0.020389335975501743
141 0.007614119187107917
142 0.009895474869764337
143 0.004703313786007624
144 0.040581033922899745
145 0.006598116773412449
146 0.005408548328094342
147 0.007125730073903638
148 0.041366146206116165
149 0.03270757055057843
150 0.022014729207148157
151 0.013635145899439993
152 0.006881843087765447
153 0.0037271785039975237
154 0.05828816517185034
155 0.037506674492722256
156 0.004246997530590415
157 0.004336681374771451
158 0.0029964240253700153
159 0.006496304694035265
160 0.010366350376188202
161 0.002376534423329843
162 0.04665290380942369
163 0.034928343190579664
164 0.0178925926907332
165 0.003332516060687366
166 0.004927779922237001
167 0.0031867764931358808
168 0.013702320390186791
169 0.0019812882699028686
170 0.010939231187676857
171 0.0060378461457044645
172 0.003914100574493897
173 0.002513789078625093
174 0.03199369310665803
175 0.024685748382213792
176 0.0032959962907376894
177 0.0020271777797027514
178 0.011485740434476149
179 0.00860580579879587
180 0.004342820553809679
181 0.0013421425190424494
182 0.01075590027102576
183 0.002142410203268851
184 0.0019489787833550025
185 0.0019505997482050547
186 0.0015142427574764495
187 0.0019352085354274295
188 0.013531617900062064
189 0.006114495899763282
190 0.004813552926777569
191 0.003430336818809168
192 0.0027031937483608074
193 0.0017138582220712335
194 0.0028028506247473836
195 0.0009784828526770808
196 0.015516790556454796
197 0.0009700726222057789
198 0.0017916215064389782
199 0.001035294042975686
200 0.004066965477959486
201 0.003255118155395385
202 0.001319528581412969
203 0.0011285386414218172
204 0.010655893638625331
205 0.004323484748434599
206 0.0006221718444954701
207 0.008161665422575577
208 0.014974877400645872
209 0.002555257499056849
210 0.0012939857146236054
211 0.0007289345934912833
212 0.00415440783710155
213 0.0028109056081992924
214 0.0024598323131735963
215 0.0008510102223823955
216 0.0018496582229503566
217 0.0013264745765750804
218 0.0027561046009206896
219 0.0017599406931234826
220 0.000634063692490437
221 0.0011342769876076196
222 0.00587785439171892
223 0.0023604779508967894
224 0.0004997417477599865
225 0.0015484743665510386
226 0.009715286756455482
227 0.0004841057099470982
228 0.0001310584651536684
229 0.00011637225909970734
230 0.0010489272536780168
231 8.051479700639892e-05
232 0.00012974423369259178
233 0.00012746497720133668
234 0.0004424382277111993
235 7.806259938436964e-05
236 7.008467486473605e-05
237 5.514774301109946e-05
238 0.0010954237734520002
239 0.00021462673972989067
240 2.849283910592452e-05
241 0.00021580818270184723
242 0.0004088408627211855
243 0.00019934280478593625
244 3.878432944433351e-05
245 1.3963489570824354e-05
