5        54.87145720130122
10        0.050634900033080715
15        0.35516632294616357
20        0.0718902073317384
25        0.1265366104957944
30        0.13735253272850212
35        0.04900975150431575
40        0.22295292013727486
45        0.09579926613304739
50        0.15831436236391372
55        0.1826384289084002
60        0.13882566610709468
65        0.09621594502887218
70        0.06551935001218177
75        0.2736540111391801
80        0.10690335980227791
85        0.03683988123547273
90        0.14932443622251737
95        0.07733734486206277
100        0.14787766601974522
105        0.13614423809196127
110        0.07461400380340444
115        0.0702910188495776
120        0.08507347955662754
125        0.05144617975145126
130        0.10526993932559392
135        0.14467869542650005
140        0.13969136012216826
145        0.04504579370861125
150        0.07722091385185895
155        0.022504669500279528
160        0.023070927453808232
165        0.05101727017104951
170        0.039564831506830433
175        0.3997021762023787
180        0.024125762984135483
185        0.5199339740197249
190        0.700466780137524
195        0.02085027496177206
200        0.05679924211645819
205        0.02807309054186661
210        0.030469715099744506
215        0.04924906860113032
220        0.02682749044104986
225        0.11119258295557889
230        0.31599919398487647
235        0.06698975057289064
240        0.032769972184908985
245        0.03943412345085601
250        0.08821953608373417
255        0.06360655902294877
260        0.14869534148931784
265        0.09048814973825653
270        0.09905184440261036
275        0.06583551552497456
280        0.01911302118798404
285        0.015718794742696707
290        0.15197823279318454
295        0.06716528226357252
300        0.026992007257938315
305        0.03460573845012452
310        0.018047783521667242
315        0.055238871675565196
320        0.02244987058987816
325        0.3499623331862461
330        0.01576870565839121
335        0.08282681270458325
340        0.03283080473803568
345        0.36995116452359067
350        0.049934348255016525
355        0.018582627539619846
360        0.024511138990934385
365        0.02017276929162082
370        0.022925463735397174
375        0.046233575080703526
380        0.050298836028701124
385        0.011991940922677887
390        0.019068790150924112
395        0.018397042936444955
400        0.041473945631967726
405        0.061769076450166535
410        0.09666251362607281
415        0.06926880423589678
420        0.06864878133838151
425        0.019292900604535514
430        0.06072844926775242
435        0.013256361874909044
440        0.06476339048954553
445        0.016838633795988656
450        0.15636354772376904
455        0.055731712837228296
460        0.019711059109628722
465        0.014773201665382561
470        0.011945736371096746
475        0.01071326078685817
480        0.015030853890553262
485        0.07371517720350933
490        0.039372353051376555
495        0.03335444456330493
500        0.01928598616774919
505        0.01220944152113352
510        0.11315397790987476
515        0.02921382927675927
520        0.032521202598147045
525        0.042200343246294604
530        0.008216484477412708
535        0.031955981407880016
540        0.007758134335591293
545        0.006945275032099248
550        0.09069657695948016
555        0.009141400897735017
560        0.016554561047308694
565        0.0068388459582239165
570        0.039884805762558775
575        0.02802685246610595
580        0.023730248474919037
585        0.01983471622132826
590        0.10780350024291702
595        0.023773464656596233
600        0.021299567131545558
605        0.037469516893914576
610        0.010142606249243234
615        0.6565893156021011
620        0.008679149816458998
625        0.007816675626252628
630        0.03149383655278521
635        0.05949517933562752
640        0.0030414829416815213
645        0.024399320332213967
650        0.0030577002000943486
655        0.01568880857303114
660        0.013849388677318974
665        0.017427315914827695
670        0.004676881255063297
675        0.008923044508925055
680        0.009233664368082492
685        0.010118857352538979
690        0.011640017789432758
695        0.0055486651981077615
700        0.007123156956576615
705        0.004523179915269273
710        0.006193729080891848
715        0.0031932314198669146
720        0.004695239888401502
725        0.012678120509945934
730        0.025745506988693358
735        0.013886221665090568
740        0.003426707205604329
745        0.011985294601414832
750        0.011141823732787316
755        0.013094507295541721
760        0.01241645722828992
765        0.012341222850861713
770        0.008769343919684935
775        0.003702781229867675
780        0.002294867158690082
785        0.0023170036608117263
790        0.0376442353881158
795        0.008099431909727303
800        0.009603840883256927
805        0.008905098348537071
810        0.0029098666934800573
815        0.006099289621837658
820        0.004609412237751612
825        0.003919493861323126
830        0.0035605905675043124
835        0.008149987175395498
840        0.0038653536344898914
845        0.0018133957729285603
850        0.0020504657533668997
855        0.011298882729020946
860        0.0009148281726224473
865        0.5915589652089039
870        0.001756478409984289
875        0.001052471787585159
880        0.004929177217964877
885        0.0008839529096109818
890        0.0011356238069013269
895        0.016840277982501973
900        0.0009084089052255938
905        0.0030919365000303903
910        0.007697425658865125
915        0.001096020468607962
920        0.0013307287803568703
925        0.0007829596630417216
930        0.001629655769651001
935        0.0011807121617562672
940        0.0008360311884198654
945        0.0008389023404138025
950        0.00038034667513877875
955        0.0006674676205122413
960        0.0006698231920391642
965        0.0024904972159130196
970        0.004068412551855993
975        0.0006515103535193205
980        0.00046664262015322106
985        0.0006560435554818211
990        0.0005864524318597281
995        0.0004180448641610617
1000        0.002956849251717141
1005        0.002166032492292482
1010        0.0006444442447336446
1015        0.0005458291386124227
1020        0.002157528854722659
1025        0.0012934424222813992
1030        0.00038615849580898274
1035        0.0010199829237557082
1040        0.0011421231136620772
1045        0.0006613418475266239
1050        0.0007482944514644715
1055        0.000984717648178653
1060        0.00043941159429708784
1065        0.0016690213037174099
1070        0.0008106326484474573
1075        0.0013562306140569814
1080        0.0007703174007957448
1085        0.0013559565433518988
1090        0.0003238272436463877
1095        0.0005689814813880955
1100        0.001889490812884191
1105        0.0004766911744031623
1110        0.0008636917488624779
1115        0.0004732620921331969
1120        0.0004756390806001412
1125        0.0015278016615192526
1130        0.0011490771185518806
1135        0.0006486705781976678
1140        0.0005507988727166041
1145        0.00039988799819066557
1150        0.0003537302974733819
1155        0.00040724413396796353
1160        0.10090482391879385
1165        0.000974951619199341
1170        0.0002209639532921182
1175        0.00026071743673478445
1180        0.0002664975535154167
1185        0.0006695890652016014
1190        0.002531945149861394
1195        0.00025285316611384364
1200        0.00017783048708307748
1205        0.0006458804340966188
1210        0.0007080849888700921
1215        0.00015237243260476276
1220        0.00019484522582665026
1225        0.00021600779439859874
1230        0.009558009645555279
1235        0.0013274309938398358
1240        0.00016237157703395615
1245        8.927154332277626e-05
1250        0.00012171768928313361
1255        0.00020057779513282125
1260        0.00021974465411474174
1265        7.415744958080547e-05
1270        0.0008143114132795248
1275        0.0001985619162921398
1280        0.0002684027124720677
1285        0.00018804072687543218
1290        0.00011210403312295078
1295        0.0002769000898813169
1300        6.787937006486179e-05
1305        4.674864881325365e-05
1310        7.653944428693876e-05
1315        8.621703634186259e-05
1320        0.002911453858185979
1325        0.00015113375209239698
1330        4.219124291744945e-05
1335        4.710663930734993e-05
1340        0.00023234321211366548
1345        0.00015848152621263106
1350        3.4956992463736e-05
1355        3.0405547980969003e-05
1360        5.096878050804811e-05
1365        9.62138208450852e-05
1370        0.00011769718375263992
1375        4.7033869747399476e-05
1380        5.225532112956744e-05
1385        2.9995415637934735e-05
1390        7.654061283685868e-05
1395        3.2037120527910676e-05
1400        2.4044636706484962e-05
1405        9.416065021773205e-05
1410        6.540120068400577e-05
1415        0.0004950503239127017
1420        6.463992863702275e-05
1425        0.00011109122684139808
1430        2.4204404992699493e-05
1435        3.0364218783868768e-05
1440        6.664352564828181e-05
1445        0.00019538849849894309
1450        6.069537558599584e-05
1455        0.00014069968203673329
1460        0.00010794529240052163
1465        0.00020047660466861303
1470        4.433606248350636e-05
1475        7.084611498008865e-05
1480        4.659744721318733e-05
1485        3.587865026209797e-05
1490        7.356277975481006e-05
1495        3.421189610668125e-05
1500        0.00011443324470018406
1505        0.00010739966472563079
1510        2.0840160851302137e-05
1515        2.8104492075742086e-05
1520        9.956743290443686e-05
1525        0.00018111614976615233
1530        2.613272032480472e-05
1535        8.268254149053383e-05
1540        3.3434806153953066e-05
1545        8.107204857855269e-05
1550        2.2828805358458645e-05
1555        3.0930581846354345e-05
1560        5.35796517119904e-05
1565        1.674799336917456e-05
1570        2.959341440141465e-05
1575        3.204439990727349e-05
1580        0.00011461460528501147
1585        1.6045845043812662e-05
1590        5.577767835755251e-05
1595        2.5260668379816505e-05
1600        2.6632451691535583e-05
1605        0.0002726565750983659
1610        4.605150651278329e-05
1615        9.019315217850181e-05
1620        2.9219215341656815e-05
1625        1.4041407115512626e-05
1630        0.00010753173630957067
1635        0.00010672764055510686
1640        2.4517512246343185e-05
1645        5.320037792788009e-05
1650        6.626084596462075e-05
1655        2.667745364481879e-05
1660        1.2419133819587885e-05
1665        2.4726840252656658e-05
1670        3.400157940588554e-05
1675        4.245132574348396e-05
1680        1.8437556130241718e-05
1685        2.8820810606493047e-05
1690        4.1991709140772225e-05
1695        1.4416023408431979e-05
1700        0.0002911023615554967
1705        1.3396630703935696e-05
1710        2.6978654747762618e-05
1715        3.298977410616391e-05
1720        7.604401776035924e-05
1725        3.883599507790449e-05
1730        5.8024078875905656e-05
